4039 8841
4150 2615
5875 8252
2040 750
9992 7057
3097 1537
5413 5201
9255 4665
4584 6331
3563 9391
9758 660
2659 6023
4539 5145
9567 744
5251 140
2256 7706
6118 2328
6261 1863
3813 4689
6105 4218
8057 8193
2566 5943
3667 5692
8634 1629
6951 786
747 6341
6920 5596
6265 6776
2744 287
2391 2954
3652 3981
2990 9663
4446 2749
738 3787
3228 1979
1351 2244
7560 7619
4014 5447
6911 6769
454 7135
9826 5496
2402 25
4553 5469
64 6561
5745 5846
2304 9813
7198 8676
6273 8883
1243 6845
3589 4707
3537 1326
8934 9581
2129 3565
942 3918
1690 8281
6679 5075
2482 8902
6730 3156
4342 7387
6391 5332
6508 8923
2052 4615
8668 2420
4978 2675
9656 3803
7138 5352
5152 1240
7262 4388
4851 4204
495 9287
8426 6248
1490 4947
92 3149
3334 2221
5214 348
5840 1018
4639 3197
2697 3189
5845 9476
8606 7084
9627 3586
2160 4128
1106 464
7752 585
5613 1920
2297 6128
7265 3637
8366 1946
2055 2230
1446 9990
5119 936
2687 9018
1018 9624
462 8893
7041 9308
2723 2176
3834 2910
2749 2016
6197 5576
5201 8052
