6782 348
1156 2083
5790 6897
9291 8197
6594 7223
9393 804
8849 8165
1054 730
6284 627
2011 3765
2368 4766
796 1886
1603 4803
2831 8987
528 5999
4746 8920
6900 7500
6524 7196
4412 8125
5603 4894
9001 5106
2337 4724
9336 295
9848 5806
7406 618
3811 7099
9316 8295
7363 103
9770 650
1473 6485
5854 6188
7211 7115
6343 7520
576 2740
2216 2548
3198 7386
6043 9615
101 9239
4650 3646
345 5355
6209 3712
9789 5473
7402 3774
298 4588
5487 4782
4170 5100
5972 6855
715 2344
3965 6107
9359 234
592 5926
1666 2196
8547 9299
73 1566
3792 3194
7843 2921
5952 4016
6820 3391
8272 3516
6595 7960
7348 8553
1654 4654
2700 2034
922 2121
2743 1354
4665 2593
3468 3548
3224 1047
1125 2879
5371 8945
6658 3871
6155 8638
7465 1410
9342 4789
4125 3150
3704 579
4047 5639
8866 5753
4069 203
3158 4966
9720 9547
5000 8931
1955 6119
6402 6995
9497 6536
5565 2015
9466 1304
8704 3347
6583 3513
635 500
3812 7459
4525 1546
8178 662
488 882
1333 3306
927 9541
494 4672
9033 8961
7793 7054
5039 6048
5536 7125
7934 4270
907 8400
5026 8014
5886 4133
8942 9404
9499 4885
4978 2000
711 6752
8359 627
4182 8553
4410 1122
5405 8171
6919 9846
4836 6119
9548 2814
9230 6760
8085 201
8905 8696
9415 5155
3013 3833
7532 2503
7954 3304
1456 791
7138 1563
2387 4505
9946 6603
351 6402
1494 1598
3472 3989
2173 5751
5191 7619
5460 335
7385 5235
9396 7794
4522 5818
683 1784
8903 4060
9736 726
1602 3307
5742 7092
376 7671
1197 8302
294 1255
6990 5948
4363 2562
20 923
12 83
4621 6056
1510 8562
2550 8221
5180 725
6964 8238
489 7451
3774 8706
2531 5789
1216 5047
6749 5841
5653 4236
8276 1246
6242 8907
3494 6812
8680 8148
5998 749
7450 4619
742 8125
6046 8940
2832 5071
9675 4709
5047 6217
1580 5138
3945 305
6924 8612
7054 8607
7400 2464
2390 9289
8 7207
5207 6927
984 6220
5307 9727
197 6797
1184 540
7419 7425
5872 9632
9516 8896
2995 536
9857 4066
8156 4303
1559 2944
7563 3088
7651 5906
962 2258
9712 3416
6546 5467
5778 3095
5598 8876
7022 5801
7905 8444
2108 7942
8022 9791
9374 5919
8738 4974
7555 7405
2012 1328
5969 130
6221 4590
666 7015
3448 8360
1660 6071
5346 2756
1366 1426
4692 1295
6975 768
6865 8340
7267 7511
1712 8563
1911 555
1927 5371
148 2992
8868 9684
6315 269
9029 8365
5913 3914
8241 499
449 3130
1693 5360
8954 4818
770 449
2412 6782
8649 9384
7325 208
652 9131
474 232
4522 9107
9006 8740
6218 1374
9893 717
4587 406
5904 1436
156 3361
4543 9404
8776 9683
1405 9104
8054 9189
5936 6708
4353 9617
182 2425
3589 7304
154 7900
3646 2570
2500 5752
5199 7392
6933 3266
7886 9277
7798 8499
8183 4862
8990 9407
6329 5285
5569 4539
1937 5021
5069 3299
52 5304
2182 2093
4131 7563
3684 6753
6636 7627
3853 3986
3247 1430
2708 1448
5875 1281
7307 2122
7360 8933
6172 4026
7452 7191
3700 8170
2287 9661
6013 2574
7656 5727
419 3593
6593 4897
4443 4187
5139 5143
9967 4681
6460 632
1350 6129
4813 2715
5949 3587
2327 4495
5969 4873
2696 9587
2265 477
7713 2689
4471 5958
9255 8756
6605 7489
7861 8178
7921 125
1335 5445
77 8150
2679 3662
6429 5271
8408 218
4495 285
9191 9889
393 1398
3378 9184
5478 9651
6844 7893
5792 6206
7904 1886
4452 1518
8013 9487
5172 4003
1190 4887
9408 5126
8130 9553
4398 1081
7346 936
2510 6462
2926 6572
1698 1738
212 7956
9819 8684
2172 4905
5629 8439
3390 265
5593 7930
8228 3370
1566 8073
3920 7944
4851 144
2426 1217
2723 4924
100 68
7039 183
648 5046
1810 3070
3272 2647
1716 2974
740 3177
1642 5750
3864 8580
8124 9392
3946 49
4562 7763
8186 1554
143 2591
4732 2028
8066 3729
1488 6045
720 5224
5036 7934
6281 2427
5163 8928
7386 2506
7858 5481
5324 6398
163 2160
1442 5511
8352 2800
8181 2702
5520 8358
7160 7248
2659 7784
9519 4618
4600 2048
7376 8369
8295 6544
6974 5838
5343 3216
7590 9161
4638 4244
490 5625
1132 9014
1861 8016
1675 3970
222 2314
9585 413
3750 6653
7769 6227
5087 3180
6774 1046
6135 4550
8775 7950
151 8496
5491 5106
9171 10
9928 3305
4464 5401
2307 1886
5687 6417
1984 3922
3508 1967
4242 5349
7626 1673
3432 4862
8379 2879
3350 9474
4134 7133
8802 8900
256 9750
5831 62
7288 8607
1411 4600
767 7775
2801 4874
9620 1367
1895 8968
9697 3651
7560 785
8478 9266
8462 1385
1806 8125
49 6458
3676 3186
4183 5751
2066 9387
1877 8033
3728 3835
4522 4561
3985 441
640 5648
4272 7099
5642 5180
5656 3930
1406 6731
1910 4322
9175 4327
9748 262
8547 5515
9678 5229
1715 2755
9288 6503
315 544
501 6941
1587 7996
5045 7316
222 8765
8545 2240
8760 6410
8765 4507
9893 7585
9989 3297
6442 5915
9446 1978
1144 7085
1234 673
5364 6535
534 2945
2355 1863
2252 7143
6321 8101
8375 9216
5379 3231
4403 2392
3476 7552
7184 9776
8190 5235
1003 6768
7090 1803
4922 6709
9213 7062
8103 5499
9798 4606
1548 5404
8776 9816
6156 3774
6026 1661
6326 8262
6351 3383
5400 4909
882 6527
1427 4840
9453 7851
1414 4532
4496 4466
3235 8580
1748 8538
9777 9972
2234 6999
47 1938
7185 7969
2610 1813
4153 6044
6821 7132
3218 1125
4382 4324
9979 2028
1642 5515
2825 5336
2318 8876
2015 1519
9673 4721
7967 8487
4801 2753
2442 7220
794 4660
8819 8190
9215 1154
4874 1005
2879 4343
5227 6118
8356 3345
8595 3425
2184 9433
1094 6384
5093 7014
5074 3661
7102 1062
1232 4799
4949 3797
423 9788
3836 1032
5182 5958
6999 1550
5217 6546
6425 8432
5199 6974
9077 2968
5957 4548
4545 5233
4827 6470
3193 4036
8391 2788
381 6356
8337 9549
2623 5342
4692 9831
4656 2949
9666 406
5495 6621
5585 5920
4477 5176
3071 9535
2193 9995
581 8702
4697 6132
1153 1032
4434 7383
586 5686
3386 852
2235 7773
1720 7763
4510 7859
9418 5641
5864 9727
136 1203
6677 1146
5389 3438
9091 6220
8610 4777
7665 7886
2562 7950
6236 5310
3129 5449
7004 6654
2657 292
9817 7055
3577 5254
9147 7372
4118 4657
8929 1123
370 988
3324 1943
4085 1395
1588 9046
8485 78
5943 4543
1079 2806
3279 2337
6801 6283
8509 5223
5396 4103
9935 8000
7154 1079
5249 2929
8198 2487
4033 5562
7286 2864
9417 1174
3781 4889
824 1850
442 9997
9004 2293
1715 5437
1970 6815
5973 9958
1573 927
4622 9736
5887 7984
8730 5784
6607 6534
995 2601
1368 9263
8453 3022
9385 9996
2066 4890
7859 1337
4197 523
9372 403
1107 7815
376 2160
928 5945
1874 3149
6236 4613
49 9751
2401 1207
9048 1207
9389 406
3435 8948
1712 5161
2880 9176
277 2446
7308 6453
1775 4457
7108 1637
469 1595
4622 2358
3582 3764
2439 3202
8878 8549
4262 1866
669 7689
7673 7294
1558 5045
7549 3916
3453 7389
89 3483
176 2958
4516 7953
2138 9574
2977 9042
117 8121
1653 5243
4776 5520
8377 1221
6724 7355
2210 749
9930 3364
8250 7293
1373 9904
5047 572
5444 4795
1727 308
2206 8993
8406 3944
4415 4105
1400 8249
2548 7216
2237 5506
8176 2899
6796 4072
121 4655
9784 6844
9929 4273
1738 2205
6601 8891
2052 2503
622 957
9019 7995
226 1289
5217 8783
9796 9662
7405 8203
7627 4380
3676 3260
1141 9261
9507 3898
447 4545
6583 1918
4247 8872
4468 473
9521 1142
1849 5672
9061 3961
9577 5638
6431 8421
5565 8323
4181 884
4333 4307
7715 2642
1563 3397
857 7176
6051 3750
6644 4552
7551 7621
84 4821
7415 9482
4377 1441
9397 2851
7423 5211
4820 9337
3282 9026
113 5140
444 9789
3025 3066
6996 2736
8789 279
7605 578
5071 1561
8164 8137
3750 4340
1288 9028
8435 720
6180 9406
1545 4343
2621 9485
1100 8793
1052 9338
2808 2818
833 2415
1773 9009
7159 2071
5281 747
6857 1655
3998 4942
1415 188
795 5689
4720 7633
8852 8846
8506 1218
2412 9339
5922 8947
6323 3127
689 128
1579 1907
5175 8933
9132 9397
3360 6855
8043 8371
8951 1116
5551 4846
8089 1067
9206 230
2688 756
2060 1111
5575 688
7172 2330
979 6472
8787 3399
801 3709
1712 7395
304 4157
6317 8977
7622 1231
9763 8993
7165 5142
7349 6996
592 5026
4784 8508
8052 9410
4220 9590
5701 8778
4471 7081
4745 5378
7097 4724
5386 5884
1048 6013
929 3362
5118 4018
9017 3719
6790 5276
8567 2312
7487 5871
2072 7458
5885 454
4309 7196
5011 5257
3410 464
2916 5996
3132 4942
9215 1573
9016 2472
5248 6238
9008 3450
6713 5785
3259 7252
9277 5397
4416 667
6759 7564
7630 7804
4043 1560
1427 9783
96 9319
6265 5837
5251 7087
6252 9064
8050 5990
1414 9521
296 5056
4919 7624
3123 4265
3365 7274
8307 8638
242 2538
6438 4583
43 1643
6932 9874
9933 4975
9978 1104
8852 8169
2658 4223
6411 3836
3055 9494
649 1413
4118 3003
5552 4119
4330 7887
2318 1713
5441 2428
6617 103
5758 5783
9445 9029
5295 441
2294 6120
6009 4068
9924 3277
3381 3176
1677 410
4115 8389
7570 9246
6809 2817
3177 1779
7328 7554
5903 2894
8001 9976
8583 4963
887 8943
9219 8001
1749 4673
5453 809
2503 7956
4485 3574
6032 4951
7322 4639
7490 3852
6301 3110
8839 8457
6651 1448
7043 823
2474 1699
360 7249
8789 3725
930 744
4126 3531
7567 5766
86 9711
2109 2102
5423 4005
5919 7897
2017 5954
2090 3297
752 7494
8345 4168
661 6176
1027 2246
5893 4467
877 6387
4577 7400
9670 27
6524 4033
4608 396
1381 3703
9737 7263
494 3235
1792 8070
2804 5353
5616 121
9763 427
3659 4406
7850 9439
7305 1203
9748 4127
4208 2927
5790 202
325 6285
1412 7318
7435 5779
7024 7440
6702 4814
1096 2382
1786 4243
357 8788
3360 4194
5261 8625
8293 6924
3002 6340
4063 4034
2250 3135
8199 3722
6351 4508
7392 7297
6007 201
874 6621
5573 5332
4391 8064
9294 580
6538 4283
5744 3872
6066 5492
9254 7981
5954 7062
1001 8862
6737 3748
2202 1146
6967 2281
8427 835
5827 6388
1222 592
2789 9090
8370 21
7243 1691
1760 1932
8137 8892
755 2705
4158 8236
2902 357
1483 7934
4085 1896
398 3633
7969 8096
9037 155
2041 9267
1540 7532
3823 6202
3676 6845
7803 832
9997 4641
3644 8869
921 8462
8382 9725
75 3899
2009 436
7372 9737
5757 7831
7467 5336
6205 2857
2581 4200
4901 30
6569 1890
7090 5757
6664 8112
6288 712
4326 6087
330 7969
3683 6652
8109 8405
4342 6046
3488 899
6271 5726
2165 9768
5602 3643
9287 8852
313 896
6605 5467
6262 8778
1458 9401
8165 5084
3060 7748
1962 353
8104 4063
2212 6936
2269 9547
6415 7072
7877 3286
4476 3729
2683 4572
8518 7467
1589 7979
2886 2102
5124 6990
2078 7138
7481 5768
8715 5146
8037 1932
4786 6224
9536 4159
9735 1964
3785 778
4596 5109
5075 6420
6556 3875
3905 5673
6874 6814
9712 4405
5817 5259
2496 6086
5027 3792
3633 5272
9230 6980
4418 9027
1629 6185
5254 5784
1903 4780
1473 8354
8753 8574
3921 6765
235 6676
1173 7312
5990 199
