8589 7586
989 6446
472 9249
7509 6045
8772 6877
3085 3524
1498 5880
2749 5527
2264 24
5158 3661
2735 2985
2411 1140
8238 107
7275 667
3944 8880
2089 4711
5341 8450
4273 5438
5704 699
3607 8249
415 8462
1536 800
4925 4892
3856 8234
9829 8526
5097 7261
4422 9571
9579 2310
25 5650
5928 4760
8363 5642
6807 607
7856 8558
6068 9221
3258 2276
606 2727
1252 8347
3211 803
1089 4598
9366 9002
9330 4600
2916 1414
5419 9759
1659 9122
3951 9686
9495 6929
104 5027
5130 8619
9788 9928
7072 1897
6866 2711
9229 703
6435 4226
6293 7707
2875 3442
4771 6295
6068 1169
1194 6963
9157 5042
6866 6167
9574 9635
2363 482
3252 7421
5904 9573
700 7136
3333 9789
7250 2273
5904 431
8078 2419
5743 5172
7365 3410
6323 2144
1852 9641
7376 9134
5379 4294
8939 2215
8403 9337
8922 4937
1759 5015
4638 2697
789 5184
9577 9606
8848 8138
9357 6350
4095 9691
6041 6636
2449 7029
2909 9344
2725 7214
9786 259
9569 4015
5586 7879
2633 2152
1424 8134
4201 9727
690 1861
2595 3447
1557 1647
9817 6565
2644 6681
2716 9718
792 5090
1487 202
1306 6885
4025 4412
662 4358
3643 6078
8203 8576
8947 6678
1940 7828
6667 7498
5484 3726
6658 7093
2167 2164
3579 9451
5003 3055
7392 3474
2371 2333
1763 9576
1835 7867
1641 6008
4064 7913
3007 8869
2742 6060
2544 2847
1279 321
6924 262
3921 1807
2827 1447
5645 6003
8895 2067
3659 8603
4113 5261
921 6878
8512 2261
7447 3830
6768 5964
7102 5118
9463 6077
3364 5966
3165 3264
4070 1313
9858 4695
4462 8103
5990 6758
3274 3684
3193 1216
2538 1952
1522 5836
3304 2474
361 218
7168 6954
5135 6063
8003 2327
3918 5288
4996 7702
4193 4888
3987 5436
4541 4597
5793 7975
9713 1154
8705 8604
550 4575
3836 3011
4606 8738
9269 9995
827 7579
4287 2418
5524 5836
5179 1382
7794 5221
3433 2501
3032 8923
5244 3896
2601 7029
1527 2872
9590 3463
683 6817
3417 1507
3466 5419
8590 8630
9665 5014
939 2870
1085 5080
8273 2369
672 8509
9685 7798
9103 9781
2845 9797
3487 4363
362 2595
3430 5058
5268 7177
3149 3583
1114 5764
4487 5647
8202 6647
6362 3957
3030 377
6574 8953
456 7055
76 2957
7885 2436
6150 3951
3265 8245
6491 9428
7205 5299
3827 1418
5639 154
4708 6377
4423 5473
2351 8988
3448 7488
1911 7720
6283 5389
6909 3306
2787 1222
8520 9195
7578 3594
8132 206
5771 3014
760 8921
892 9934
3451 3146
5504 6860
2114 3731
4019 686
6531 1927
7392 8536
4104 6430
6021 6740
396 4622
6871 3549
8646 5091
430 5524
5147 3092
7701 5737
6102 6112
2593 2331
545 9511
3343 3818
5019 8148
2246 9650
9615 632
7974 9230
3112 1309
9384 7882
8988 2557
6440 1053
2545 4033
5165 6312
2556 6988
7508 1336
6391 7243
5777 6294
7651 8761
5954 6272
5285 7133
2617 1608
8671 5471
5196 1462
1395 4756
2158 2715
6705 854
4998 9891
6891 2016
3133 5594
1679 4369
6997 3693
5794 7533
5696 7537
3249 1477
4992 5430
2049 6590
2361 3243
288 4517
2208 555
8816 7542
8226 8340
481 9455
212 4594
660 9516
3612 4385
9886 332
4014 9334
9787 7641
842 1548
5793 4015
980 2308
2093 5311
7102 558
8606 3193
288 7540
3881 1126
1032 2574
6513 1669
5541 4745
2385 1091
1861 8757
6570 4930
573 7122
1030 9179
5968 9188
4428 2979
7282 57
1501 5272
4766 8989
83 1709
347 3154
7272 2579
7469 915
1058 6916
8666 4567
1232 9608
4956 5257
9875 7824
9224 8817
5905 7587
3505 4328
5752 5310
9593 140
1015 201
9199 9066
4410 6471
2091 8173
7829 4928
9231 5795
6587 5615
8586 2351
5023 8928
6404 1230
3124 567
4407 3160
2772 4437
9982 7959
7797 6711
4848 5043
5250 5384
9208 3269
3699 6290
9457 2871
1818 8781
3086 3981
5687 6946
4026 3482
7855 7586
4495 768
2446 6111
491 710
8183 7084
5534 3169
9222 8019
7862 1977
3808 6545
9862 5760
4181 8964
530 4031
2210 8647
4505 6228
558 1536
6094 539
7783 5391
8478 8706
6233 2400
4221 1904
4569 6627
2697 8576
917 4103
4346 2157
4046 2678
9130 1226
8752 9630
1208 530
6471 985
6044 6332
4818 2000
6149 2196
2103 5133
6114 5925
7735 289
9970 40
5733 5873
7613 6854
6108 5877
5237 8099
2490 9283
7974 5776
9932 1520
8692 8417
8377 186
9098 8872
7137 9643
8404 6868
19 1150
6809 1454
9112 8247
2021 9215
4862 880
3148 5382
7897 6675
7128 6432
3330 5065
9347 4662
8569 4706
1409 6890
9723 7816
2031 3237
238 6903
2193 5589
8440 556
1780 5953
1036 1313
9043 2560
9351 333
7468 3469
6179 1828
6222 1166
7985 5184
1899 7515
3817 882
4702 1758
2042 9071
9040 1374
8338 6323
2792 1646
4974 119
9166 4910
7642 9227
5357 9599
9838 8907
6116 2522
9512 8849
917 58
3955 6186
6773 8583
7707 1375
9610 9630
1323 1914
2062 9455
6377 1505
9357 8472
7156 4858
2416 6862
5670 962
1842 1762
8144 8955
3979 4
6812 5578
2163 9638
4165 2829
8765 9085
6017 410
8282 9394
749 1625
542 2489
1595 5845
9299 4647
7022 9019
5380 7216
5157 7325
5272 9428
928 9253
9934 1987
5693 8540
4016 4566
6047 8389
2832 7444
8051 5140
8510 4638
5032 7137
527 4338
536 3511
7250 9132
6616 4486
3491 7761
1754 1931
7386 4566
7022 3180
61 1055
331 1790
6506 862
4472 5769
8750 4571
8549 1049
1784 4664
1613 8981
2620 4327
1201 159
3178 4002
9443 8154
4031 2349
5514 4755
8337 7764
4859 4352
727 9319
9688 7109
7291 872
2084 3331
3225 2097
2785 1995
