4630 9421
5774 5850
8096 4982
1039 9115
3814 2623
7693 8517
1894 9012
6855 6748
3576 311
103 2613
6905 2073
4362 8871
6698 118
6711 9677
2357 1742
3687 4924
2893 3849
6363 4359
5312 7101
2603 9218
6927 900
9000 1984
9910 2223
1166 2504
7477 7208
8348 6683
4733 5497
3448 1903
6369 9071
8933 6415
3805 3862
856 2671
8082 8814
9895 6042
1896 6496
3293 4849
990 5854
8720 6288
3904 9646
4300 7148
9658 4825
3354 100
5860 4236
9216 5250
1406 3900
7392 8082
9704 4046
7438 6471
386 6438
3825 9139
2337 4206
8672 7128
9950 7895
1992 5813
928 2539
2763 3366
2159 2857
891 1030
1105 7747
5480 9938
513 7864
7606 7185
5231 7612
8557 9071
7284 3042
6553 3622
2387 7476
9858 3589
8795 9019
7442 7908
442 8725
7664 7541
4391 5199
6764 3636
5594 3866
4767 6885
9006 2030
8709 9244
1416 5607
9145 8222
545 744
7915 8127
2846 8785
2355 326
3231 9591
8585 2929
6646 7338
9072 8054
9838 9345
8590 9393
1794 5620
253 5070
3760 2030
5433 8446
9820 9656
9191 4685
2017 6135
7218 7393
9327 109
9702 6871
5430 7087
1552 7372
498 2341
874 2331
7648 9649
7711 6268
6145 897
4687 8492
2135 7768
6534 2722
6939 7468
9156 5220
412 7317
4936 1470
6786 6764
999 2373
1931 6507
4447 5189
1684 7903
9540 9121
4437 5488
2797 5126
7886 2203
2184 4258
8148 1948
4986 6713
8015 835
8892 9991
1169 3180
3919 8272
7165 6143
6297 6949
3007 8243
8152 9686
4986 311
827 6604
5547 1528
2674 7948
4926 598
864 2908
8581 8989
5200 8126
8689 2262
1043 4947
1121 5123
1949 2886
4417 6994
5927 7811
1036 9461
6940 5716
1551 1277
7991 2281
372 1641
4608 2844
8497 1477
3203 6642
7825 1466
5573 6883
6044 4861
4922 2883
7708 6862
1581 8
5812 2947
6028 6047
7139 1372
3979 1632
6488 7445
7767 2740
8592 3259
4592 4718
9827 8498
9579 2456
103 390
318 2637
110 2896
1491 2947
9145 8992
6557 2028
6232 9720
9522 9379
4150 412
8784 2610
2858 9515
2604 7939
5394 5407
6181 8860
2702 9200
352 9143
8524 4770
6912 2115
5206 3143
4701 5020
3706 9097
4943 7585
995 1245
945 6379
2436 9689
3957 2928
4112 2641
2167 9369
3824 5424
6634 3285
48 3561
5583 6218
7806 1220
3861 7340
5375 7968
932 2112
8032 9042
6314 4359
4892 9975
8668 3002
2740 199
1355 1897
2825 1788
5815 7825
3777 2634
8500 9026
156 4871
4057 2642
3070 8038
9469 9456
1257 6039
542 7597
9166 6438
3046 7163
8197 1367
6496 6083
7440 6637
9618 9989
7023 607
1256 2639
4131 5591
2800 7422
4188 964
5644 6859
9364 7130
5808 3206
2833 1112
382 4628
3823 8449
9541 4330
1350 9862
8760 1625
7119 4005
7504 7901
8581 8641
6901 2879
7626 6946
811 4734
6573 891
9708 9959
9782 6412
8010 4598
3460 9607
8305 8981
4842 3544
640 1783
6128 977
7716 1
8316 2778
7086 9590
7139 2954
2906 5428
7015 7008
5932 5994
1617 6714
4759 8702
3993 8879
4745 3023
5579 6878
6676 1450
5301 3717
345 2775
1189 8709
1318 9087
5895 2199
9720 582
2911 6650
1692 4437
5061 667
5989 2960
3738 4640
568 7470
3560 9369
2358 1080
5657 6079
5303 2201
983 326
6559 2290
4741 2973
763 5600
8243 4001
7866 7498
1297 3594
561 6167
1590 6980
6859 3812
8381 3080
7758 3893
9709 6336
6325 1892
7350 6909
2349 3182
5482 5772
9591 3718
1155 139
4217 710
475 1361
9415 3058
5799 4039
7956 1209
8947 9826
3180 5864
7443 9863
890 5562
6733 3867
5066 445
202 1732
5016 2932
9678 3541
9500 5746
8303 3007
838 5962
9175 8264
7866 7007
6671 5233
9758 8277
147 5805
3748 813
382 7970
9952 2461
5277 5271
6201 9071
7725 1904
9697 7023
9405 8897
5692 2818
4330 5394
225 304
9230 8234
6601 471
365 1392
6636 792
8808 2563
4973 2581
9124 6267
4666 85
928 7071
1035 8020
8779 6798
7848 2581
4119 9623
3186 4819
1795 3946
7576 2155
4446 2992
5265 8459
4261 3676
1727 2555
2761 2387
8965 6226
4313 3336
1920 9818
5400 3424
8011 9782
5676 1061
5762 4708
1494 9578
4446 1634
9448 3890
9134 5650
496 426
5885 7018
6146 9949
2974 822
8306 2640
7617 5556
7552 6683
4371 9587
8761 9758
3127 5429
9484 2149
513 9623
1480 471
4889 749
7622 5205
5476 1511
2633 6860
3842 5313
761 783
8581 7041
2350 8170
9825 9375
6116 6653
5739 5778
2794 734
2419 5800
313 6408
6181 1455
3245 24
9434 645
9235 7957
2302 1703
9485 262
9234 7320
6768 8416
8694 1588
1334 9127
8232 8360
3404 9565
6255 7435
7697 3147
6577 4738
2256 5273
508 5384
2031 2187
5775 2254
3015 1342
8242 1381
3505 6236
3424 7490
1590 8692
8760 569
1853 6126
9189 2129
3419 3246
8024 139
153 65
2859 3624
5159 3567
1506 6192
3507 1931
3781 8282
8032 5468
3914 9391
7769 806
7990 5109
3081 8322
3799 7079
5200 448
7225 4376
764 7153
6050 204
5986 965
8962 7645
3379 640
6216 9415
6973 977
9167 6764
6528 185
7267 5119
7868 2753
5850 7693
1163 6175
3867 4173
2301 3611
498 4038
1132 7304
191 6081
2749 1013
9200 5407
4866 2014
5930 5373
2496 4107
6353 3387
5843 4717
2763 8800
2965 9234
6390 7701
3630 7165
3167 6849
779 7863
9558 1956
8009 7150
1105 2430
7815 9693
4998 8819
3181 8621
1587 3285
4959 7824
4329 2746
3605 809
9165 7150
2153 4485
5426 255
3965 3234
5682 8964
1899 6581
1485 1373
3332 54
5260 9016
3747 461
2704 3293
8936 2684
7385 6637
7741 8064
4573 2323
594 3416
4247 2839
4676 3486
3873 1627
1388 442
4072 9650
9729 8373
3513 6397
5806 5310
9636 6525
6379 2226
2004 3628
2919 154
3243 284
3127 5722
4432 6798
922 3725
3651 1928
6176 9682
8396 2282
44 4925
169 4292
1336 5788
9326 8074
8376 3911
4040 5649
3496 9906
629 8592
8248 8723
7200 8575
7410 3407
555 1198
1551 4368
9143 6233
8597 8300
7378 3275
6040 2455
4980 8163
2540 3309
6529 4186
4021 7673
2868 3688
7358 4289
8047 4704
5110 3419
2980 1750
9383 9419
4366 9699
332 4096
587 9456
7787 9366
6613 556
5291 2644
5978 3991
1091 216
471 5101
2519 7343
1678 4576
474 3411
5392 4532
4829 5472
9904 9340
16 7096
8943 4457
7939 5767
2861 9636
7158 3431
7559 7964
8901 6775
8397 9272
3455 8299
1843 5831
9409 1596
5384 6612
375 5159
9721 3411
4296 605
869 4865
3095 319
7288 7450
6152 5810
5113 6371
5441 4681
8077 1320
8482 6054
4670 6217
1926 9922
8673 6056
7554 8475
4729 4700
6521 9267
292 9582
4253 9835
6526 3412
4952 8624
5753 7036
5235 4221
8585 2034
3433 6239
9499 9197
7374 6307
799 3814
9513 5346
777 2517
61 4233
2198 7578
648 7808
3825 1727
8836 7739
9323 7629
6419 6626
949 8896
9474 3606
3056 6537
7732 5117
8014 1003
5062 1798
9085 2016
4137 1448
3976 2510
3759 2721
6071 9490
3301 9019
3476 3834
7426 7099
9865 8551
3328 7071
5165 718
5687 7781
9767 9122
2451 9321
9688 6710
6752 4051
6407 1573
6788 1513
9441 7257
3381 2684
7706 8595
377 2081
7481 891
9952 729
3279 3405
4542 393
5600 9258
9980 9882
4930 7004
6423 7727
9212 622
3619 9382
5164 1024
2865 1188
7601 7160
5719 8026
2540 4676
5262 5572
3825 4252
9003 2221
4493 4922
8742 2356
370 5809
5651 9348
1951 3494
3217 7160
1855 7471
8218 9826
8154 4924
693 364
8611 9128
1622 5403
5712 3674
801 401
9356 1627
2361 9990
6027 5884
2057 5037
3261 4759
9439 7375
4222 1393
7315 1982
6073 4683
878 5802
787 3356
8983 6204
771 6477
443 9744
6127 6302
9302 2725
4614 9398
2201 9904
9755 4914
2286 2426
8410 9659
1911 4118
9304 3045
7134 9027
8605 4480
3265 7421
6932 2839
3636 9939
1213 8867
1166 3911
2678 9605
1542 907
5886 8447
7000 1504
5069 4960
9315 8563
8572 6401
1919 4429
2524 4832
4657 6399
3619 134
4204 1456
8783 4150
2451 5182
1498 1093
5694 6764
3127 8576
7411 9091
4471 8340
9114 3725
1454 1195
4818 8722
2720 8576
8470 6645
8524 5140
4108 559
19 3165
3020 4366
8324 427
2109 5081
453 4867
584 3784
6856 9918
9713 5349
9533 8456
8358 9104
846 5295
817 3464
7422 2503
9538 2865
9408 6758
5335 1709
1099 9342
3180 4913
2399 8777
5586 9363
5126 2315
2969 2385
1280 6087
8572 2050
1801 4774
8727 3833
4899 1609
9335 7496
5905 8952
1060 8254
1460 5702
9603 2310
7841 7152
8870 7077
9812 6349
2453 9400
204 1990
6412 291
4291 1796
170 2255
8871 4029
9552 8009
8839 7423
6122 854
5040 8695
7428 5049
5642 174
5852 6420
1278 6869
7339 1907
3998 3128
2646 2706
6039 2881
9385 1359
2278 2898
6922 9308
8411 9298
1762 1754
8046 2464
1741 5946
1781 1664
6569 4394
9018 1446
3357 3157
9032 3740
1804 8255
7608 9878
4974 7101
3164 232
6259 6888
9691 9993
4220 9777
4913 9530
7894 2445
1013 9643
3120 6402
7216 9625
7272 8676
9114 37
1529 6149
230 2425
4315 4119
6364 1302
1499 4627
1987 4387
8197 8775
4526 2530
1097 6951
4766 9909
6068 7099
702 1609
8840 549
903 6054
8367 7668
6264 5590
111 5316
1838 3082
9715 1313
8802 4488
6669 6540
6765 821
6897 3627
447 3147
5488 4124
6109 5506
9399 2751
5392 7673
6268 9128
6100 2483
9636 761
1933 3341
8327 8380
6486 4709
960 9921
8143 653
1722 9126
3999 6172
8002 1875
5358 9570
3798 4737
6671 7730
5304 5761
2607 3468
8138 7740
419 3139
9604 9228
7181 3155
1568 9875
5021 7047
7008 8416
6731 9351
4813 2590
7803 1720
4910 4202
6522 7988
9162 8964
7921 775
7964 1585
6130 7426
4431 6312
4636 9839
7768 3933
8959 6452
6820 5208
3241 877
9317 1590
5187 7718
9794 1300
260 8552
6055 1528
2631 7872
5060 3167
8920 7033
418 7113
5018 9875
5353 9289
8221 2064
2826 9277
2260 140
5846 5892
4343 6005
8739 8034
1172 5485
2060 5624
4249 1487
7854 9081
8002 1587
2006 4475
6732 4131
4479 4842
9676 126
709 5176
5805 33
8909 5487
237 6762
2980 6552
8268 2726
5437 1250
6195 5268
2726 1616
2352 5723
2179 8616
8949 3655
6267 1889
3808 6687
5756 4042
6617 5100
3526 4173
366 9192
4077 8362
1344 8663
2555 5013
9720 8854
8802 3521
6679 3373
7110 5555
1046 6608
9305 2419
1773 4673
9625 3340
5126 4155
7695 3510
4605 3546
4956 5530
1234 7282
8188 2363
9161 6111
6233 5870
8737 625
9733 3816
8582 285
9590 1069
1588 6131
4151 4561
964 3320
9601 5422
6775 4618
5014 1664
2347 2293
4120 6059
5016 4420
302 9246
9884 8922
4544 4196
2869 9113
80 364
472 1624
9155 7776
1365 3993
3009 9768
5453 838
2248 5410
8740 3444
8872 9044
1971 4258
206 2773
6169 5043
9646 6233
7515 4219
32 841
1345 9100
5892 9739
9738 909
9779 7454
307 4943
7468 732
6102 8799
7870 5079
5114 285
1352 7991
4602 1085
230 3346
5804 9990
5414 1068
3097 2835
2683 5724
9478 5494
7550 8543
1204 2735
6006 7610
6076 5808
3941 2394
6744 6654
6971 74
660 6792
2396 2958
4605 4972
427 8947
6105 364
3582 5646
1778 872
5068 9447
5345 4054
3461 8310
4412 9611
2243 5733
123 2092
8960 2389
13 9831
6279 396
2145 2187
8837 988
2739 7756
1820 274
3359 4771
9449 7003
9332 5312
4291 2970
6056 8654
5241 8647
1249 700
2827 7016
4647 6835
7955 5744
4941 9881
8597 6227
2057 3405
7037 5861
613 73
9737 8285
3796 4514
6602 1026
6947 1009
6203 6672
1231 4050
7824 110
2396 4454
8026 9064
7465 7545
2715 111
4447 9634
2751 2620
7130 8777
1096 4432
5819 4022
731 9004
2628 8413
8753 3524
3772 3417
419 7054
6635 8475
35 205
1187 5285
4136 5819
2375 697
2703 528
6147 5969
1648 51
1193 7530
6830 2238
3368 3644
2314 7502
9919 4026
1302 1263
1937 6062
9914 6972
7686 9825
3140 4901
801 6091
6886 5659
7639 9715
1409 9066
9423 9834
3330 4484
8145 1982
9656 3496
6665 358
4324 9479
9576 6225
9420 2264
3191 6974
8676 4091
9618 1513
7738 3566
7986 5291
4281 9601
5573 8852
1066 8000
1716 9317
9736 1231
246 7022
1379 4469
2150 4839
5019 2898
3341 8484
5117 4954
3260 1771
8753 6700
7524 2973
5004 9164
9451 1203
4674 4280
4129 7347
617 1993
408 2891
7342 2945
3685 4881
3563 5419
9563 2714
2657 1314
5180 9372
5585 3419
2430 2453
8435 8893
6824 1593
5668 5708
7478 1471
9208 4730
1269 8818
8725 4386
7778 8574
2770 9469
2810 8370
8804 8450
9195 2334
3645 8172
511 3738
8906 7283
1645 1146
5605 7246
5658 2247
3165 1001
8281 6283
2112 385
8738 8274
8021 8310
1149 5863
6756 8670
7280 9404
9494 7251
3348 5574
9570 8161
2975 5624
2770 5116
8409 4178
1008 2129
1607 5404
5416 7585
950 5039
8856 6210
5794 1137
3721 8663
1627 7087
6261 3766
243 7109
7305 1447
7697 8485
5153 2991
3736 9318
459 2036
322 9517
3049 2929
6682 3939
4791 6173
6605 8272
23 9050
3784 7287
437 1510
363 7592
7722 2670
4617 8672
2074 3712
8797 5126
4541 3296
7726 4262
7788 6498
4765 6923
3674 9997
1725 2852
3087 2940
5292 9273
5353 6563
9539 633
3983 5826
3904 8413
4753 4830
8463 4006
528 7402
5651 7870
1424 4791
1702 8776
4849 5818
5577 4332
6121 6854
1373 4746
499 3537
4242 3411
801 291
7494 9915
8461 3997
7695 8873
4658 2153
7145 2662
7765 5700
2145 4497
6608 92
6139 6037
8679 2319
502 3128
1234 9951
963 4007
5176 1419
4930 2397
7480 5713
184 8955
2351 9700
7657 9282
2720 6988
6112 9125
1693 7906
7307 2796
9186 3757
374 2395
7167 6583
4444 1362
9471 4765
2860 5574
3745 2906
3325 5946
6431 992
2507 7752
8294 1756
7323 7365
8145 8152
91 8381
5308 801
3465 5813
4954 2509
1478 990
3541 8117
9976 1214
1642 1878
1627 7755
7514 6317
3272 6270
4267 4191
6375 5028
1435 5203
6027 822
1380 27
6468 9435
8522 1835
4697 730
8689 3062
4217 9402
839 4659
4296 1424
3758 7673
9746 9152
2037 3538
422 5292
942 4418
1722 7706
7124 1797
7736 8339
6096 8774
1222 9482
2976 3295
7624 5886
6794 8698
4346 5937
2123 7361
4071 6391
6725 3790
1400 9783
5312 7875
2297 9579
6362 2579
1679 1190
1402 7340
12 7123
6519 6675
6976 5962
8086 7797
1259 1809
5149 4162
2959 3211
2195 3511
1251 482
1703 115
8603 5069
5315 243
670 9668
292 7833
2148 8346
2027 3764
2449 7054
2825 4508
2542 3566
2095 8561
5574 401
7896 952
9143 5909
4776 997
339 4651
2682 329
3560 750
4594 1103
1741 5827
5847 7452
8268 6701
9307 54
1580 3760
357 514
6102 5710
6817 3229
2132 6273
7608 1730
1483 66
7368 6964
4942 1901
4225 5185
4076 1181
7471 4446
9183 7258
1869 3961
925 4349
8876 1102
2140 6642
1621 4838
6856 5742
7272 3828
1146 4420
5971 5919
7748 708
9030 6589
6867 3416
6734 2361
8062 8395
8336 9953
1748 5694
7071 191
4516 9939
8588 6421
7363 3416
9333 6176
6359 7382
3395 2364
8100 9224
4627 7376
3609 8140
8510 8614
2703 9831
138 9968
9990 5548
891 6983
3301 8352
6871 5880
1054 6451
4365 9365
8993 8061
3229 9583
2593 38
7496 1090
5636 4275
7085 99
5124 2534
7591 6280
2380 680
3029 9005
5487 6629
3217 2117
9995 4240
6234 5862
2611 9432
707 4349
477 3914
1127 9828
7628 811
5468 1195
7891 6475
5413 8317
6220 7181
5187 7471
4816 7507
4201 9460
5670 5311
1298 6591
7539 6571
0 1641
7952 4954
8897 8095
2471 5199
9514 7448
9254 8247
958 1089
65 2299
4930 2212
7854 2259
8364 4354
8584 9493
8748 4193
7533 1232
7733 6397
5986 3314
7232 6408
7033 9742
5258 5624
9322 7372
862 3637
5989 9310
6330 3387
6664 9847
1636 9487
2238 8624
4801 7745
8615 2102
1427 1244
8669 4458
6602 5120
7968 274
13 3670
8380 764
1096 4123
4483 2312
6157 4626
9464 3347
5401 7146
7589 336
7143 7680
7808 5080
1249 3129
6740 3828
8010 3640
1549 4635
3432 422
162 7163
5699 2566
587 9166
8433 3309
6149 8928
2852 1112
8095 1809
7192 9661
9029 2433
5443 5584
4345 7200
483 3709
4802 1290
4664 4676
2523 6653
1401 2757
3317 3650
1505 6592
4025 459
3688 1066
5042 5255
1615 8297
3816 2193
535 7141
2788 2513
5999 6427
5202 4952
3701 5348
8521 6142
535 1705
2641 7238
5191 6920
3861 4633
5543 8423
1020 7663
928 8015
6099 4700
3234 2514
2371 4342
9923 390
6281 9049
7131 4410
6540 9840
8861 1612
7936 7946
8714 63
4937 1623
8169 6655
1813 2949
2515 2703
7065 4387
6491 4661
2259 4610
5825 5356
5173 3104
6508 4014
635 1951
7788 9865
4711 3094
4687 2972
5984 5802
2909 3290
5719 5428
7749 6197
5786 5676
8127 592
2298 6886
9722 638
5601 6232
575 9093
1134 2578
3282 9935
370 1420
3556 7504
9441 336
82 2643
4274 2950
522 5422
9795 6807
5923 4127
5208 5343
4123 5989
8134 8296
2818 4863
9561 8470
2809 2739
7315 594
3614 3728
7453 2018
785 4264
4660 8309
6529 4148
9309 5514
9530 6640
7632 626
6610 9310
8131 8839
7526 2660
9593 1824
2095 8430
2729 7873
2427 2746
2994 3082
1201 3927
6347 3462
2673 2278
934 916
7023 2990
1821 1911
9528 2720
8245 502
1708 4282
5446 8961
8759 8531
5043 1722
1035 5718
2472 502
7948 8553
2866 9222
6987 73
4517 6238
726 3945
1073 9170
8288 4175
8607 3632
7163 5720
2040 8852
6217 7275
6267 5308
61 627
7853 1573
3398 5494
7730 5656
155 3634
6604 8899
3162 6376
8728 131
4087 7650
5076 5699
8916 343
496 5244
8216 3695
2266 8382
637 3137
682 9522
1544 7840
5789 9395
7556 4196
2750 1782
8719 4729
9033 4613
8646 4897
5001 4565
1226 6068
4023 1534
506 1599
3330 3130
9914 315
7805 7449
9726 7114
5566 7367
2607 3268
3509 7188
2805 849
2590 1723
3858 7528
4231 6455
2827 4007
9101 6472
503 6046
5000 7791
1803 462
9431 7183
6818 9772
6672 5659
989 7878
3996 9544
459 5541
5532 247
3049 1866
4603 9373
5520 3857
8300 5685
2740 3494
1860 4190
6789 4842
6655 6128
6733 3925
402 1192
2311 1866
1061 1317
9868 1704
2621 5053
1287 4032
9146 7370
7507 2376
3895 590
3912 6545
5091 1457
5864 7798
2963 6795
239 1303
825 9252
6342 9849
9347 8622
2951 3406
8468 4227
5436 7915
8966 3287
7677 110
5836 8573
110 205
6278 2784
5010 4342
1465 418
2087 3635
6641 4834
1859 4738
7783 2911
5255 2139
8328 2246
1299 1184
6510 5480
5734 4953
6046 6054
2894 3219
9139 8379
5250 9064
7562 2574
2850 3071
4558 7020
1730 9094
2200 6134
2544 2731
5915 584
3824 9459
8553 7744
3814 6152
1502 1112
4270 7531
8308 1271
3344 9754
7093 5919
3202 8063
4193 9345
1220 5354
3531 6394
4397 1692
4828 7586
5249 4091
1635 5574
1428 5728
1013 5747
87 2381
4175 1766
2732 1218
5595 9632
2352 6350
697 9826
582 9031
1627 1428
7675 7273
4992 7534
2810 7787
1099 4295
8557 4440
2895 781
4880 1893
3282 7059
543 4202
972 7808
9623 4063
2060 2147
7325 9873
3612 3623
1521 3709
7570 5507
4269 5549
3911 8420
8089 9912
4016 7964
8001 2239
4962 3626
428 7578
6395 401
640 6231
5609 3531
4585 3081
8982 1074
6636 688
6501 5802
2461 5819
7853 7359
6452 4851
5 470
113 8205
1239 9839
4537 4439
6083 8421
677 2970
5761 6046
2819 933
6827 3590
2192 1168
3459 2442
9118 2309
1824 1007
9070 8910
8924 7447
2187 2627
9016 6419
9239 7090
7396 5650
6729 6387
1509 7175
5451 9922
3229 9957
4244 7963
9495 9111
3672 6862
2868 1193
6493 5013
8350 1780
3097 7599
6985 3474
7292 6221
3300 1332
1670 1807
3676 1317
6693 8236
6942 2111
7257 4315
4769 881
6029 3398
7001 8836
1446 3393
7690 5420
4190 327
3026 7703
5537 4743
1088 8210
2126 2897
7915 5599
5865 5830
4121 6539
1762 3568
4027 7486
2716 4981
80 494
582 1854
5168 2698
8567 4485
9278 9207
7864 3297
1194 5484
710 3381
2417 3334
3033 1297
6523 7695
2146 276
7344 4362
8037 4696
6688 5046
1556 6536
9597 9563
8496 7371
2971 8036
3817 727
3168 7460
8379 5083
9570 8690
7160 9327
2908 6307
2627 9724
1862 6476
1100 535
2051 8869
1895 4135
7723 4612
9619 1744
6177 7298
6172 225
9841 3315
6105 2256
6974 8083
5156 5455
913 3662
6637 2483
5554 3378
9840 9550
3334 6318
3145 5305
7384 2539
5098 8001
5148 4421
8598 9647
6593 2920
9807 9762
1039 109
1408 5976
1478 5614
1017 594
3527 5399
4375 2093
1388 6764
3610 4146
2370 622
9613 7678
4017 2955
776 4068
4751 7788
2705 2420
6078 8120
6387 8961
4786 94
6472 7115
6916 9712
9078 4748
5360 6059
5480 4458
5894 7036
8235 4431
9681 9636
9982 1845
4866 6294
5106 5466
7322 8898
5999 2329
5898 8844
4491 8228
3776 5073
3893 3529
8309 6884
5015 1161
2479 9723
6742 616
2146 2318
4681 6468
1135 7883
3506 9171
5639 374
7901 2198
7009 2205
8376 8782
8820 9443
5146 5478
6241 6497
512 8480
4225 7631
4600 4271
862 5682
5068 8022
2944 244
6491 7942
8223 2629
7690 5508
4946 5883
9106 7604
1370 3628
1181 9392
3705 9695
512 8360
5289 525
3150 3121
1674 4270
3475 8329
2348 6543
8339 3999
7034 413
3367 2573
9983 1687
8728 7530
8887 7650
6373 4114
1466 6831
423 2302
2945 7145
8567 501
4760 9683
6075 6936
280 2304
8426 5915
9441 5235
5997 2924
6969 7208
388 4336
5259 3161
3342 7174
5145 1590
6199 5389
6444 133
3562 1755
5842 7001
8694 7468
9319 1850
3156 884
2493 6037
1160 3774
8267 6426
3450 3489
7059 7421
4680 525
222 2806
8757 108
9993 6929
2679 565
5246 1560
4601 4114
3507 137
7354 1405
2294 3332
3444 2012
5182 2172
3132 7297
9269 7866
9110 7738
7881 547
5374 4820
5494 3473
5740 1419
2270 8202
4055 73
133 5753
4901 6786
3998 9594
763 9776
8177 2878
9398 5255
6180 5142
7908 1106
3746 1148
5312 3022
4075 8388
6822 6104
4830 601
2199 7766
9051 1557
6375 1530
1486 9704
9643 7452
5225 2336
9565 9802
8677 494
7220 6224
1870 1049
3322 3341
1116 2050
8916 4667
2479 428
3837 8644
7267 9426
4935 6335
9924 8383
4125 5937
2922 2625
269 8728
1617 2701
499 9116
4498 8954
1231 8880
3757 3292
6160 5104
8240 6760
5931 9960
1107 3434
5051 3063
1198 9542
6000 2731
6381 7838
7826 349
966 66
3303 1936
2515 9810
9165 2758
1187 9217
4283 345
1095 7092
7121 8977
5145 2665
5859 4905
9738 7359
4209 2718
5102 579
392 7898
5010 2263
9021 3437
3127 9829
6296 9697
5757 7860
2273 2792
5610 8232
7919 4486
3426 9707
3321 4390
3896 9674
2588 5934
7242 5753
9245 6753
4718 695
1955 1747
1473 7136
3311 6436
9380 9444
6268 8093
7477 8675
3217 80
7310 7854
6110 2638
8896 1900
7345 6431
4867 8100
5065 1094
5752 7379
1573 3470
7368 4637
1757 1608
2716 5646
7234 6609
6475 8644
7823 3525
552 7566
7940 1719
867 3299
203 9889
5953 1213
9271 165
9174 9646
7362 528
8453 7195
6180 3864
2291 3128
5353 8425
3091 1240
3578 8812
6261 8004
7284 6189
5815 5998
7335 1004
3797 450
5908 2929
8042 1683
7861 9190
2245 6728
4780 2756
9 564
9679 2438
4385 792
7192 9361
4647 8410
1477 965
9546 1118
3289 3592
3800 2662
6995 8258
9040 664
8333 7299
2009 3274
6436 9044
8211 7930
1360 9712
2612 2047
657 7606
6992 5147
755 5033
7866 6571
4325 2101
6284 464
6880 9530
9297 5281
1444 217
7870 6396
3356 7239
3320 900
1011 4544
6246 5063
2173 5626
7646 7217
585 6197
4157 5578
7649 2196
2331 6135
3222 6109
5103 2987
4291 7154
2142 1621
5097 6135
5457 3007
8844 6649
7910 2941
7021 2891
745 3350
9496 7877
6846 1434
2819 8135
3086 7776
5082 4209
5476 3216
9052 7355
5330 2716
1674 4190
3321 1798
8974 4055
7679 2969
7890 878
1455 8949
3577 4805
7461 106
7805 8964
6758 3431
195 7523
5568 6604
2407 9697
7837 9979
6278 4276
6940 2958
7664 6915
9047 5781
916 2368
4416 613
7096 95
1235 9599
4447 4237
2618 5279
3616 2022
1065 3636
9766 515
8384 4350
1181 5060
4823 3559
8611 7510
4376 8641
8089 4288
701 3737
7504 7879
8825 7647
4943 1025
9853 771
9790 6030
9880 8988
8100 5798
9396 1792
4203 8355
8372 2181
8693 8960
8408 2262
1866 5350
5055 3945
3655 8190
2869 2461
7685 1084
5080 463
7771 9078
7297 5553
6129 7341
4866 3656
1787 2140
2974 5221
8542 7235
5790 7813
1815 5391
4901 9269
234 4274
382 6277
2157 5802
6308 5414
6314 1517
1052 3744
1717 5474
8938 7536
3737 5687
9904 1103
4937 7505
6814 2770
1760 1359
7008 9962
9616 5075
9505 113
6083 9396
2984 7820
4421 2859
3062 7939
746 5749
9048 3223
2066 5222
1236 6392
5086 105
9048 6339
3115 179
6756 7121
4612 4887
4826 4840
5510 4115
1305 1233
2999 4167
493 8238
9109 474
9456 7600
617 5755
6345 9396
692 4855
7966 1494
7021 7193
1361 1980
2356 7109
1563 9238
3831 3499
125 3733
422 7359
1266 5827
9229 9436
2980 3961
5708 4226
5467 847
3867 9592
2566 4263
7933 6715
3457 2987
9415 2604
5585 8637
4270 4530
2413 2412
9383 1807
7429 5218
7035 4141
8834 7790
5774 1552
1838 6868
110 7342
5481 8069
775 4162
1529 3220
6894 7115
8823 9650
7762 3907
9492 8839
317 765
685 374
7114 7148
8514 4206
9530 5211
3715 8744
3213 8626
9023 9080
6451 7423
4193 90
5547 5973
8203 9000
2245 8738
769 4374
6380 2907
9797 1476
864 8837
2044 2400
4158 9244
7707 303
3054 9360
702 1996
8818 7626
9495 8388
7638 4550
8925 6228
1493 9488
6904 8030
7567 4941
3411 3498
9050 2132
6491 3610
5835 7061
2964 7468
1564 5549
3936 6275
619 4868
7064 5027
9913 4370
3832 9125
8492 8850
4104 6895
4319 1947
1189 6096
3549 4439
8525 1176
6616 822
8624 6361
2395 9024
901 5201
4541 9251
6076 8915
6858 228
5447 3992
7809 8051
2053 9847
2655 9163
1132 8573
6751 3843
5913 2769
2320 1464
4867 2637
3037 6679
9595 8817
5517 7939
6341 282
6632 2416
3175 5472
5555 3734
940 605
6938 6289
2617 9154
8942 8241
6513 4884
4217 7370
3793 7446
3029 5931
8749 5126
8338 2371
5534 5698
1819 3283
7285 6966
8255 5819
8761 4657
710 1052
1717 2087
9919 8490
9678 3796
9283 1666
6156 5321
2685 1376
8610 503
1815 9280
2688 9277
8017 1937
8745 660
6642 1981
7685 5366
5199 1681
3079 7498
388 1248
2489 585
869 5627
89 7010
8479 2127
8420 9261
1433 1608
8918 9743
9837 5230
5778 2516
4537 6677
960 7176
2080 5542
1176 4938
4673 6281
5430 5463
468 1793
4173 5784
4766 6878
5139 955
12 7865
1387 5560
3445 7320
4121 1214
4606 8077
2720 1381
1913 839
1004 6139
3075 2399
9811 5219
438 8345
9931 3734
8695 1915
4928 6522
9372 2560
2662 600
240 7982
1760 7014
5608 6846
9171 7801
2769 6405
5829 7655
2238 5052
8154 1182
239 1989
1135 1527
3669 9075
4533 3594
7164 5202
2532 2651
5314 4796
6853 4756
8928 8787
6751 3238
8946 7653
353 712
2325 4173
7157 1942
5785 556
5059 9850
4443 8613
1989 4692
1783 6875
5790 4054
3458 451
221 1516
9850 5513
675 3437
2345 8172
5203 7062
1530 5818
188 7395
4542 7097
6310 9101
6969 8119
6214 5798
8508 7199
526 4289
1577 594
5619 1423
9013 9045
4486 6365
116 4454
5537 1847
5741 6824
3114 6015
4529 3758
3302 3055
41 4003
662 4814
2697 1693
8570 3832
1467 8623
4773 5262
1855 322
7645 6889
6161 3912
8840 6073
7965 9551
5495 4950
6971 2654
7486 9810
7535 1199
2337 3543
2457 7560
6893 4615
8345 6433
6554 1459
3351 5606
6778 8975
5681 284
5850 6950
3699 5314
4455 7585
6827 394
6906 4650
5829 553
1809 4583
7204 5300
9265 9758
462 8928
2314 2719
3476 9066
2668 5975
670 270
4613 6885
5012 7400
6061 9318
3248 1990
2064 8269
6661 1068
4176 4673
2329 2165
5041 1749
257 2796
132 8491
4463 2015
9825 7808
584 5113
7261 8707
1930 6146
1106 7808
6671 9090
2630 319
3741 3704
119 8784
1412 3464
1010 6648
3728 6447
1204 4062
4933 2370
4224 2287
9768 7024
9575 2326
6300 8638
4820 3643
1397 289
5422 9814
3727 8830
4268 8974
1117 4013
7432 2034
5738 5913
8853 1451
8519 8693
2392 4899
2135 1555
8610 2339
8415 9327
2308 5083
4292 1656
6314 1175
8090 7025
6542 5365
8302 2053
5641 8957
4465 7117
1720 4840
3858 9238
1472 335
1797 8988
8781 7725
5021 9055
6226 7029
5597 5405
7135 6298
1776 4895
9765 5801
7776 4129
2579 9258
636 7412
5640 4916
5213 3558
4593 7690
5158 5755
6353 2413
5338 4371
2128 6851
6400 279
1690 1774
4426 1059
3373 5495
5483 2426
5194 3467
3052 6086
7276 2250
7500 4527
8440 3435
2223 4051
4911 824
523 2304
1613 7578
828 5229
5331 8935
5401 1439
3806 9789
4376 6540
7876 5241
9460 8992
277 4885
4531 8926
5091 8339
1883 4946
2788 1808
9339 3843
3562 1718
6408 6025
702 9782
6246 937
7743 1353
1115 9914
6928 1793
1945 391
7943 4653
446 1358
4645 5618
7390 5185
7273 2292
6932 9578
6985 8997
4207 8926
2079 1170
4964 2899
8587 4787
2701 1669
8529 1023
3126 1948
1251 9643
7953 7913
8648 9676
2450 6036
1079 6551
9400 4872
9533 7843
9035 9067
4876 5933
4375 623
8692 4653
3204 9737
3140 3483
5723 6890
190 2502
7512 7771
1889 3606
7485 9703
3780 6806
9838 6967
5195 701
6282 6726
4354 1810
6186 6309
6539 3281
2084 6547
105 3852
5052 4534
1628 8630
5531 5857
5877 5386
6373 669
7341 9529
9335 8194
7724 8258
4139 8703
93 251
9277 7972
68 2501
4833 7078
8414 8559
489 4946
3847 1146
320 6837
4412 3491
1690 5844
2992 2689
2013 2836
5158 9790
2481 2213
5822 8745
1869 2304
6978 7736
1827 4967
8599 7367
917 7732
3880 7110
9425 8871
6824 3865
8317 4092
8236 8198
1680 3218
7803 8987
3114 4595
2020 7457
6114 52
9052 6066
5661 8415
5110 6339
354 5716
7573 7539
9340 1275
9187 4709
118 7169
8511 6065
7255 3369
9208 2731
75 561
5548 4259
7144 5795
4600 2279
3209 8509
4483 4305
9892 9542
2681 9747
3958 5758
8732 2170
8517 4041
491 871
7359 4427
781 5008
5682 9167
6707 98
3245 6502
8619 8296
8856 3716
3342 1491
7156 624
5658 6683
7126 639
7662 29
19 407
6617 8305
1127 2004
7645 58
8303 3128
5845 6389
9870 7459
5058 324
4822 9308
7468 1111
1337 2725
6207 7708
2523 4036
5606 3373
1365 2400
3393 2757
4146 6635
4584 6896
2462 5165
2391 2505
798 5737
2179 3741
3160 5236
180 8002
2023 674
7837 9661
2363 1742
9352 3382
7996 2523
6907 7224
1394 392
2381 2249
8774 793
675 7539
14 849
8574 5605
2709 8370
366 8089
4395 85
1484 8458
8115 8138
4307 9176
1448 3362
7854 7285
7588 428
9767 9710
3971 7963
5957 3249
9728 1490
6049 784
9548 8601
4320 828
8177 3684
5620 3216
2730 2055
7324 1098
9105 5496
226 2024
5660 3272
4000 4968
3107 1376
463 7981
1477 1827
1565 9776
7082 7728
8350 3839
8812 281
8270 2092
9857 5436
551 571
2688 9258
1351 7567
29 2855
6877 993
4260 8921
2626 5838
766 1755
281 4077
2793 4795
3165 3750
7339 3358
5131 1
2246 2327
7351 300
7740 4761
8000 631
3608 1622
3560 1523
1809 3369
6711 3991
5421 7200
433 3963
6332 8373
2884 7664
5422 7479
5399 3874
1270 6417
2219 99
7090 7673
4329 2342
7364 3093
9701 7446
2695 86
5445 8684
3077 2171
2043 5882
27 7574
5166 4562
4038 2854
9342 3065
9256 5322
6997 4517
9534 2013
5944 2932
3087 8614
1651 1028
9743 4146
6164 6144
8555 1141
553 3626
5952 9947
9120 135
3254 6448
9194 9133
8018 9162
587 4335
8962 4438
5255 4680
4598 964
3362 4637
1586 6497
365 7786
9408 3591
3168 9030
1141 8869
2884 6864
2617 8800
692 8859
7241 9179
9748 7578
1938 9705
5886 5928
7035 5979
4397 2757
5467 7008
4188 8842
7302 9755
6220 4869
7816 7726
6395 609
4540 798
9173 1851
2597 7745
3647 1184
3319 7542
3032 7496
1294 2411
2666 7487
3059 8485
4516 4290
3021 721
6563 9594
1958 1604
6355 1936
1098 6145
258 1860
1818 4319
2958 6289
1453 9294
7647 9918
903 5795
5923 5009
1123 7077
1680 2737
9917 4065
8795 7570
7334 5861
2730 1014
5784 7376
3375 9275
3874 9166
6574 4574
7720 9944
3239 2619
3144 3286
256 6370
574 3431
1519 7338
5279 8206
7520 1215
7082 1486
236 904
5027 4717
179 4628
7928 1327
2185 4434
131 9493
9876 8673
8847 7024
6160 61
5258 6395
7670 1249
8767 6503
516 4926
9913 9094
5496 4274
3261 1813
311 8076
1582 2823
8696 4911
6189 9006
3764 9708
3545 4302
3014 4801
7835 2291
6357 5285
3915 809
9960 4972
415 5541
7154 1040
8933 4649
4570 8804
2124 7120
3884 6978
3549 8832
4269 6107
9771 86
4921 2055
7925 8196
1369 2789
3778 6735
9374 2177
742 3734
3825 614
5907 3825
3868 6429
302 4574
3063 819
6626 3463
1538 6103
1025 3308
9539 8215
7762 6345
3076 7967
5722 4576
159 917
7942 6310
75 3039
3167 1048
8749 8873
4568 3712
6176 3173
6438 8284
8466 3052
2796 4554
3349 4684
2169 5117
7140 2333
4351 1518
5603 2345
925 8475
1885 4915
1728 6850
4165 9907
9337 9899
3847 7670
4797 8766
8518 9689
4038 4174
8940 8633
130 2228
4031 8227
7475 4009
2090 378
7968 6719
627 8358
8387 2468
7890 1184
2002 7420
1825 5535
4842 4194
7126 6860
3719 2896
6832 2077
8400 7543
3099 4001
5242 6586
9922 1652
1831 9657
5001 6735
6165 4195
5704 1857
4212 5669
6366 4384
4091 9340
3002 2518
362 9391
6801 5248
1063 1245
2533 6317
240 4068
7703 6435
8194 6586
6308 2751
1805 2011
3705 4067
312 929
2745 6779
7088 3331
8376 1806
5334 3073
8049 9213
3149 2434
8442 3878
7980 3170
9115 1002
1518 772
4087 3747
7144 9767
5493 3446
2788 5980
7684 4990
4224 5702
689 9770
5636 6295
3936 7073
5009 4773
6547 1350
7662 3843
3297 9064
7854 2883
2408 7745
4999 373
754 7087
1999 5952
8989 7493
8591 8864
8725 6714
6295 3797
1491 6653
8701 2010
2529 2708
3939 5192
1706 8862
9518 6864
5664 4282
7689 9449
7224 6762
3736 240
7850 7611
3485 2820
8594 7494
5942 2496
5988 7961
7888 8508
5168 7897
5851 3942
8625 6407
7741 286
9971 8478
7016 3021
9822 4626
6652 6269
8549 3306
7368 5946
7371 708
2984 2323
2540 3970
5744 7185
8274 6112
3808 8020
3389 883
2806 8304
6393 8837
5709 9991
5859 8572
1454 3265
4362 3928
3560 7507
1240 6936
6225 1221
5628 2809
7570 4526
5512 368
4108 502
2657 8406
6249 5830
231 8254
743 2765
1481 9576
3495 345
9957 5142
6843 5679
9420 453
9419 7140
3947 4172
5893 1678
5484 1477
133 178
8132 9101
15 4259
7006 4846
170 8722
7543 503
6023 5481
3522 4896
9030 6612
1015 217
1966 376
7893 8041
7386 338
2325 7781
6343 5140
6376 9974
9139 2279
8223 5083
6849 3844
485 2543
5669 8374
4390 1563
1067 4189
2712 7553
2440 3757
4009 1372
9576 6442
610 1557
2917 3152
9966 8858
6079 1173
2112 303
4932 7423
4718 7398
9663 2781
5033 8806
2209 5578
7015 9295
1912 6131
6333 2738
4600 6404
436 9469
8865 1268
3471 2178
4054 1888
779 5263
141 9204
4727 6076
7552 6359
1665 1165
2586 3182
9857 3962
6188 7752
8266 7115
8830 6631
753 2089
6024 7298
6207 1122
4044 3099
6054 1701
347 9773
4765 7481
9785 2017
9226 8303
5538 5538
8110 8798
2662 612
3190 4347
2725 9623
6664 7633
9939 4252
5165 7035
517 7526
8164 7183
6464 5286
2272 3586
2653 6610
602 2210
8188 6081
9673 1758
2784 4087
8670 194
2062 9970
8748 6923
5305 2470
4835 2807
294 5897
4699 4916
44 2276
2508 6081
7811 9732
851 7743
9780 9632
8122 7164
452 7236
810 4753
2879 6674
6785 7010
6697 1792
3036 3717
4629 8554
4029 7220
5106 8091
5847 4578
1784 9972
7520 4888
7498 3193
2640 8460
1958 3082
7877 1020
5739 8820
9874 6935
3205 5509
4270 9073
9573 8554
8060 7746
195 9564
9742 2431
5779 7433
5786 330
6507 8364
208 1882
3695 6231
2780 204
5453 4351
9604 1898
6680 5947
1765 824
6548 2532
5346 3220
3843 1294
7872 4394
6317 5221
2050 5994
5106 8502
7905 6653
5970 6436
5690 1584
2513 5765
8874 8597
418 5500
222 3390
4320 8743
6300 7
1546 822
2995 5854
6426 8203
2042 6659
3659 108
7730 4873
8359 7584
5012 1855
485 5849
5159 2624
858 410
2236 242
4413 9576
4165 941
4281 7193
5643 5646
6462 3274
4878 7772
3679 2550
5184 7360
7648 6420
5570 1638
81 5808
9707 3519
3708 9317
5768 8825
9070 8849
2674 8546
5226 4451
8057 5438
5107 7752
5505 1562
2279 6501
7465 357
4665 8927
7769 463
2695 686
8439 7779
5764 3065
3429 615
5223 5368
7768 2534
2433 5292
951 321
8062 9281
9474 6468
6813 9255
7896 9304
3652 3833
3884 2611
8673 4107
9663 3971
816 9921
7763 7628
4277 885
6363 7797
9200 8393
3749 4673
7532 612
3255 7946
1473 8593
5011 4712
9996 2611
8190 8690
3415 8027
4823 478
7131 4081
3772 2662
4465 6309
1624 4061
1561 5337
7774 617
7212 449
6030 9763
7358 9620
3427 8807
5671 8342
4972 3375
4297 4747
2585 5624
2480 6210
8885 5078
6143 1418
254 217
1823 7648
6716 1551
7179 8994
8349 9347
6718 1782
9815 3242
2095 5913
1138 3106
9768 9956
1124 120
1157 9489
1469 9039
5666 1715
3696 9235
8058 912
879 8583
6159 6044
8051 9462
5415 8775
6361 9107
9753 4255
5770 240
7802 9646
5370 507
7743 611
6819 6027
3421 6419
4222 4163
7732 1337
5559 2466
6591 1931
2027 4160
5099 1848
8202 3970
7195 3137
9256 5572
3568 96
6470 3466
3537 7012
7198 8352
1272 2879
8768 4656
6324 6987
5362 9170
5984 2385
8968 9777
3955 9082
3633 6473
3981 999
2077 6093
1559 1293
1304 5720
8308 6289
3768 9606
8140 5778
8034 2786
188 243
3132 6220
8378 7296
6132 829
2631 9444
6224 5209
6276 7063
9076 6215
598 1901
9975 3173
4569 6449
2014 2423
8300 980
3742 1150
4920 9609
5512 1662
7223 4718
9876 7281
2584 994
2653 408
3582 9008
905 846
5598 4010
8421 5805
8573 3085
9625 7468
5700 9065
669 1726
1581 2412
316 1570
1083 3999
2817 9609
9166 6405
5409 4367
5692 8917
2533 6703
9443 1255
7513 2808
3881 2908
6675 5247
5418 7612
3472 7194
9063 1036
1976 624
8217 4141
840 4749
311 4976
3318 414
4051 3214
2719 9427
671 9487
937 4434
6766 7124
4134 7325
9335 1693
4701 5348
7452 9678
9002 7230
6355 6808
1398 6655
8520 8653
8405 3174
5142 5845
5839 1002
2208 7449
3189 9221
5163 4579
1392 9244
1863 9334
6852 9405
9786 2161
1778 7220
6024 9627
9322 5967
2870 2292
1139 3893
7249 8802
9678 9001
9078 2852
4894 2467
3006 5018
1021 1774
1374 8465
2998 4545
6358 9389
1988 4203
844 8573
1705 6043
2433 465
322 8959
8390 6578
9048 2752
6247 6180
9524 4318
6911 1043
1865 1627
618 3986
9387 2080
6355 7240
726 7611
7571 3098
3325 6340
6697 942
1421 6132
9135 4214
1750 4655
7222 6578
9841 1341
1961 8689
4608 7508
3378 4627
9067 4614
8130 6736
2871 1564
806 8515
583 1590
9241 2979
4676 6290
5784 7781
6640 7818
5366 6056
580 566
3605 4249
4429 8778
8092 1083
3770 790
9085 6129
9872 128
802 3850
9263 5348
7763 126
8444 3120
7005 3194
4505 2234
5582 7164
7420 6837
568 4924
8488 4013
460 4428
7243 5917
4160 50
1217 994
9606 2020
8257 1102
2498 2510
9910 3349
3744 1174
1122 5379
6446 7321
9343 9826
6378 8050
1997 5147
4327 3280
2724 7477
1567 8755
4733 6162
117 5894
7155 5507
5646 3012
6682 2824
1405 5812
351 3344
4753 9177
9634 249
692 9134
1429 4063
304 8494
4363 7055
8741 9535
1030 968
1402 85
2677 783
6945 5006
4091 9192
4826 2989
7545 6687
1327 8064
230 3402
8360 3169
8327 1221
8433 7723
4722 4803
8079 5025
7897 7064
19 7344
1078 423
4327 379
8589 6025
6037 6611
2427 9042
6292 452
5134 2215
3039 5578
9575 1068
665 340
7195 8515
7715 839
8814 397
2981 2654
6475 8609
4669 3500
2388 2802
4082 4283
4447 6411
3352 678
8785 4076
8826 550
4300 1273
2796 6337
1496 2009
6770 5617
1518 8254
9421 3639
4353 1648
5023 6779
571 5294
5167 5690
3313 9878
4887 5353
7542 1153
6838 3410
900 8848
7119 6742
4169 780
9657 462
4342 79
3048 896
5010 1321
1410 439
1443 1235
6335 6811
209 6115
7521 5714
8142 1330
6637 6593
9809 4969
445 6852
7339 6536
4519 5981
2994 1286
8426 1007
527 4818
394 1070
9076 1482
5133 5145
6835 6819
7130 1457
3544 9719
9863 8793
7205 5405
9677 8827
3841 3537
329 3651
4619 3709
2153 8306
6855 2266
8401 8517
9766 7797
1298 7780
2855 1935
7240 7562
1622 9734
4143 3446
3946 283
9702 5516
1995 6911
6744 1568
9060 5286
728 5698
7135 4276
784 8692
6432 9895
7044 9281
5232 911
1956 5621
6262 5592
2137 3074
4549 4733
7134 4663
6728 9639
7493 233
5690 3736
1132 3777
665 4691
7185 4349
4238 5582
6909 6369
8865 2662
9702 4394
6594 1800
3938 8737
4187 4241
7103 5587
9832 4184
7290 2244
4465 4688
604 9604
5203 9364
8964 8394
9104 2361
9250 4305
5103 146
7335 7668
252 3062
353 3893
3076 7632
7639 4459
6827 5831
7914 5643
3435 8123
3423 577
7656 3666
7172 369
6558 6314
1577 2735
5142 5952
5171 7682
6784 5203
7355 6216
9319 3905
243 2477
5285 8840
4338 6613
9872 5289
2375 2125
3938 6171
6103 9659
5776 149
329 6966
5565 277
4141 3006
2135 6210
7069 4968
8062 8414
575 6096
8437 5131
6641 4635
3041 1921
1770 61
483 3359
7897 1778
4603 9868
670 7571
764 9903
103 8870
8114 1270
1445 6287
4642 9359
4524 95
5007 8512
2796 9835
8390 1251
676 356
1002 8220
2558 6256
4370 3904
2853 7776
5315 2265
8613 4193
3686 6254
5104 5684
4981 7617
7265 9287
9866 3468
5343 6478
8712 1687
8448 9265
2207 2557
5412 761
1702 3899
6235 3111
676 5670
5444 2532
5763 2807
8870 4094
1352 9109
433 1196
2302 863
8802 1720
6356 2547
4402 650
5076 1563
3338 6644
8222 3111
8809 8138
2967 7567
3007 2337
9642 906
9966 9732
7148 817
7863 9318
2796 2045
2471 165
636 8355
5223 4817
4955 4902
5020 9822
9295 5978
6026 834
9297 2711
8013 2594
9337 9778
5290 6114
672 4100
7417 7144
8217 5729
7163 2970
1064 3804
3633 5121
4933 7941
47 1655
750 6846
4300 3709
6316 5404
9339 8448
8947 7267
7621 4895
6744 9932
5949 4876
1404 7558
5155 9192
5809 2696
2993 6076
580 5922
4858 5889
7213 6619
2045 6120
986 8500
2908 9883
976 9131
1636 6970
6200 4252
2149 1486
5912 2963
464 6194
957 9673
5787 6153
7343 4228
9008 3880
6226 7498
5368 1455
7468 2981
5600 8791
7168 9219
3625 9167
8361 6364
3717 9332
8414 405
4197 5974
1698 1998
2477 8967
5640 781
2016 5398
2779 5574
3392 2500
4109 2673
7161 1342
1042 5236
3828 2945
7562 1689
8436 5588
1105 2608
8188 7414
3619 9661
6027 9810
698 7031
5347 1401
3606 7778
4730 8493
8037 6304
2652 9070
470 2854
3773 1757
687 129
4739 8979
795 63
6112 2277
91 5280
7158 1639
178 9532
4593 1571
482 2109
9022 9218
4664 9575
5041 6089
3191 7315
1010 9971
434 3267
2559 714
6671 2347
1880 9119
2313 1131
8990 404
5657 4166
3314 6551
7737 8753
130 1104
76 9611
4358 8864
3960 9538
7014 6497
9871 744
375 3545
4089 1110
4181 1890
9684 5098
4206 2138
8300 7577
7705 3027
2914 5433
2964 6059
3546 1249
7411 1062
3474 5548
2902 3690
8246 7411
3449 6952
3245 9413
7542 3302
3568 3831
7221 7159
1905 38
7165 3694
6791 8600
5747 7734
6608 8455
7379 5137
6572 3712
5473 1623
3220 6225
4618 1589
4188 6402
848 8883
1314 9769
5605 1247
4144 3150
1854 9422
8356 6743
8023 8668
2699 8414
1311 5714
8099 1425
6512 9340
1093 9087
6374 7981
5265 4765
4378 2507
3346 2307
8044 2642
4188 9471
9331 3918
8335 4813
5898 9886
7015 5656
3859 9856
2405 6219
1766 8334
9689 1987
3651 987
8328 7992
1978 7959
30 7435
540 5380
1575 1351
7915 4567
6311 6587
800 2123
1408 2977
7473 5829
9259 3646
2844 3612
4785 1726
6480 9182
1456 1796
6164 6711
1996 9390
1510 3709
2601 1363
3225 3073
9720 8768
5406 3360
4878 6239
4782 7398
933 1075
4869 8165
2105 378
8908 7811
963 2009
8417 4613
3367 8806
4658 7005
9868 3629
3293 4664
9417 9522
2676 3839
9470 8062
4535 547
6690 8050
6417 4746
9747 7468
4243 5777
5082 7060
9968 5552
1835 26
8076 6563
4687 4982
9143 2271
627 1701
808 8983
3597 7768
5078 8212
2278 5228
668 7001
3433 6972
3863 332
7443 2121
3913 5573
9211 8341
3050 9142
9397 5645
4740 5090
6964 3595
2632 6520
9247 4561
6046 7460
5561 8200
4010 4356
317 6955
4975 2715
8369 4540
6259 2176
551 4343
1816 1805
8689 8119
6754 6200
8922 281
7302 8359
7141 4800
4868 363
2379 9625
8932 2950
3944 749
6226 4437
2941 6003
9869 5018
7641 3687
5070 5283
2957 1990
8405 2860
6274 5537
9587 7927
4871 265
9665 8304
4024 2428
2635 3120
3691 5130
2187 9281
5353 840
4162 7272
1725 8472
4234 5101
1008 8367
5466 9388
5460 6344
177 3404
5843 5831
6003 5056
6081 4988
6183 7240
9761 706
380 916
1408 8960
4230 7533
3795 3277
2330 7118
6448 8582
3630 1517
4868 1091
520 9259
1800 9320
454 1791
8863 2231
1701 7532
1262 9122
3901 5330
3842 2764
236 4537
4132 6669
8058 9306
8097 5619
7139 2540
9395 6212
2935 7131
6380 616
4556 6106
772 8568
5135 7734
63 6932
224 909
2094 8653
7311 5041
679 299
8168 5325
5669 5987
1712 7205
2233 6414
7515 555
7871 1985
2405 4602
8269 4425
7541 9719
9131 4400
5826 3497
2851 539
9106 239
399 1231
6533 4873
3332 8663
546 7236
592 8483
5537 5302
1212 2989
9788 2142
5496 7307
5476 1594
2630 3826
5525 1934
9353 9124
9667 6599
1450 7545
4814 3376
2260 3444
7253 9563
8191 8653
1231 8968
1432 2363
4074 6983
255 7059
2369 5648
1389 3754
130 1639
527 4356
5853 4756
3764 7108
7642 415
2768 3094
2144 6719
4424 3542
8181 5066
1554 3980
8474 8047
2570 8544
4261 9664
7716 2463
2338 7660
1024 6810
8415 5563
9037 4732
5436 6352
5575 8505
5796 7902
5018 235
4275 7222
7656 6957
8614 8132
9222 3471
6919 704
2031 8377
3244 224
8110 8470
8429 6251
8098 9315
2816 3726
906 290
3415 1410
9405 8047
6417 1005
6548 8360
9393 4057
9144 9839
1931 2097
9674 4020
4583 6033
2298 7249
7677 965
8095 9678
8718 3257
3105 4388
8558 9748
5962 3281
6220 3929
8262 9703
903 8535
2870 6015
7179 565
8270 2804
654 3098
8743 9268
9069 821
9599 9933
2687 6012
9322 6581
7074 7009
8506 9990
7349 4645
2834 6339
2373 6946
6691 1388
574 2365
5876 7632
3740 9837
6601 3406
950 4369
1913 2687
5042 7535
7649 6886
9212 4723
3121 897
6008 6278
2696 8413
6985 1602
4440 8895
6000 5819
2868 6275
7211 555
1025 4507
3964 3409
5517 5814
6803 200
309 2564
7482 3023
8010 48
7344 8618
9542 3514
1473 660
3410 8259
4529 4288
4260 7042
4850 5342
4843 3165
5287 4143
1075 1137
5101 3679
3417 5231
5690 7781
9256 4473
7668 2041
8360 3838
6706 1768
1280 2391
4188 411
6856 3639
9496 1555
4817 368
6059 9558
8683 4991
477 8273
434 9186
4417 9473
7150 8419
6810 5315
2366 1193
9167 2722
746 4942
8706 7286
6874 1203
2609 9170
6616 9845
4780 6089
4597 2912
6426 9596
889 7180
959 6988
2335 6260
5038 6341
764 3504
2129 8302
4501 7162
663 3145
4585 9762
1487 4855
5307 1379
2016 9677
3953 1697
8834 2433
4168 167
6982 9458
3782 2428
1045 5393
6417 2318
8481 2066
5907 4600
9379 6132
9181 7007
7491 2508
763 3540
572 8930
6362 8217
5172 9392
8438 6074
2781 2078
4845 2478
824 3504
2073 1730
2865 641
5976 7425
935 117
7704 1678
2945 2157
1707 6436
290 344
8112 4956
6045 7098
4136 6605
1326 4995
8853 7374
7217 9168
7631 2610
7982 8639
9334 4213
9318 6723
1260 2114
8920 3681
6076 1057
2573 5471
1065 818
7458 6463
4672 9044
4368 4834
8933 7689
5808 9090
8523 2557
9856 7099
6878 9292
5168 6173
3023 2731
3551 9871
6822 5460
9204 2626
6831 9239
5628 7689
2781 5095
4748 4388
3413 6309
7641 8093
7241 4093
6328 8025
2574 385
1453 4641
8052 6659
9587 6088
1323 4314
3952 4949
1024 6383
9312 55
3774 2655
7918 9284
348 2221
8648 7068
354 7738
2710 5649
5756 1889
183 4726
1606 4502
2620 8443
9632 6914
5254 680
8228 1153
9148 4886
1437 7198
6541 9906
961 4371
81 4846
877 5612
6951 2937
4038 8184
8339 2034
2887 450
9208 3276
9354 3840
1654 7023
4344 7279
7470 9042
9941 4726
3676 3337
8834 4859
1448 7882
130 7951
3306 7688
3121 9211
4505 3211
5926 6939
8501 6809
233 3600
2899 5398
8649 608
2726 3938
9210 2397
4716 7928
3282 7725
5422 8191
837 2040
5392 7554
1916 6746
1682 4073
8970 5348
9096 8097
8553 9636
6401 6568
8273 4027
4710 9763
1513 5935
4771 7236
690 2767
4289 9044
6712 935
5897 7898
9144 8949
7443 4978
3412 9667
7513 1761
6516 4049
6740 4114
9629 4624
3545 5244
9062 7307
7941 4934
7147 9020
2062 5196
440 6325
2668 8783
550 2091
5254 1166
4306 1793
5282 9525
7635 1137
5298 3009
8595 7202
8565 8827
2842 1263
2154 5871
8833 2961
2568 6932
4987 9276
2440 5422
4552 8276
8020 7318
6526 6572
6497 6746
1260 2823
538 9971
7377 5762
9293 4228
8286 5397
3303 5839
4891 8612
655 4947
7389 1265
2175 2348
5972 3733
6883 6738
8044 2763
7577 8952
7907 8042
4881 1369
4215 4483
4953 9018
3213 2810
4814 7015
2120 3769
4948 2374
8985 8363
1471 915
114 1012
8117 2375
8592 1718
1134 6225
4297 6004
4172 7819
6592 2375
1151 6090
499 2633
3076 1339
644 7762
4706 4432
604 842
4120 5129
3012 8899
1709 4396
1713 309
8550 9937
5998 8850
1689 623
7435 6146
8139 7715
6786 9545
3792 9875
6700 3640
1712 4205
799 6767
6345 9324
1203 9061
6015 2888
1392 541
2401 3564
984 2806
5838 696
4475 4282
4244 8358
3823 1270
9952 3415
960 5536
583 6547
8449 5398
408 4354
8504 6381
7725 3912
820 2455
4413 5916
2754 7969
6505 5587
7175 2841
6497 5355
4976 1614
9267 4526
1873 3683
779 7157
9487 4059
5705 106
6610 6651
7780 2552
125 9971
7864 1028
9115 1973
2551 2363
6902 2629
9328 4432
3289 599
7311 7103
234 7039
1257 5326
6885 1513
1433 7734
9584 3608
2203 4160
4407 2002
3147 9757
2367 4996
5311 6811
7604 5433
8471 206
8212 4599
5595 5824
8878 2851
7709 5714
7509 1532
5759 8559
8828 5633
2969 2516
349 8161
2538 6081
9221 5448
6302 918
6098 6199
9788 9041
8818 1604
926 256
4413 8959
4231 9104
470 6999
4760 8352
103 5562
3482 1494
3754 949
188 2056
3293 1783
7280 7134
2774 3077
620 9937
8382 4563
7809 1968
5799 730
5480 4625
7019 3525
3977 9420
923 5870
3526 9497
964 930
5830 5504
7783 383
889 7964
3606 3246
4950 810
1751 235
8908 5777
2389 9943
3260 3782
294 9836
3320 8741
5946 7528
5601 830
8362 1207
9086 8445
3737 8026
5171 3693
8017 5052
5185 1602
3498 6586
961 7445
7181 4651
5740 2280
7268 6501
5099 6896
7107 6167
2712 6180
8080 2211
1685 4581
4336 8717
2101 6213
317 9384
3758 3349
3639 9096
4312 8408
1677 8218
2012 5989
719 1689
6651 5604
2075 4170
31 1771
3690 58
1400 165
778 4196
7991 3392
494 1109
6072 1579
8012 3424
2222 532
3304 2966
3891 3624
9165 1097
6011 4431
399 4336
3083 578
7529 9555
9952 5215
2362 3459
5422 3335
8312 7561
5867 3360
7053 1652
456 8353
3455 2294
4611 9315
5056 169
6072 8832
885 518
2218 1470
7212 5389
1277 1492
6309 2389
9315 9170
3585 6502
9123 3338
2842 8845
9490 9579
6087 8034
7259 1124
2253 5193
7403 640
859 678
1108 3405
5147 6961
5619 6938
3783 9492
7826 4523
1172 5496
6725 9824
2297 4578
2068 8193
101 9583
2791 5854
4561 2009
7727 5554
5380 2027
3343 7570
4486 142
4412 5823
5193 3028
6786 5634
2737 2670
8440 2825
6247 598
1758 1106
5916 75
6038 816
377 6400
5907 5666
6243 1924
1426 1036
5626 9415
2440 2517
596 8194
3737 8968
1448 5186
1507 4734
6015 3351
3973 5382
764 1903
3784 8695
7711 8679
4092 8784
8492 1588
1980 7010
4938 959
2697 8920
7610 4388
2226 5175
5527 6862
8365 416
116 8984
7879 1732
8336 2933
9583 9655
9555 3641
9037 9048
6915 8170
9795 4527
1705 934
9463 5581
2219 3823
9520 3157
5826 5665
9779 114
9635 6477
514 3598
2890 1472
8969 3255
3307 2024
4118 8781
6076 8896
1993 2972
4577 7557
8540 3240
6893 4507
2009 9725
3848 344
5374 6547
3942 6927
5074 2079
3883 1125
1740 4597
262 2118
4699 1148
7233 8392
5769 3073
6315 4364
24 6783
4669 2117
6348 8370
1323 4214
6932 2878
1444 2589
4176 8107
4672 6922
4159 4736
9216 5506
7265 8024
1604 8914
745 8295
2162 8702
430 4622
1890 5319
6194 1831
2354 1998
7265 7252
3655 1654
2161 6363
2566 7711
4423 4847
5490 491
6200 1924
2315 9637
1202 3969
9257 7949
2482 2257
2835 2777
5965 535
2556 2838
5909 5679
559 8841
3229 8849
989 1592
7129 353
969 6806
2704 2138
8027 9176
2218 4106
2636 3438
8502 1969
4348 8554
3071 5307
39 4944
4577 7172
1621 7502
7239 2978
2387 1866
8522 7759
5464 397
224 2358
4106 1264
4304 1948
4438 8286
7081 27
468 2747
5499 27
8655 492
8342 5368
4073 8007
2799 1666
3118 7496
9965 6058
1921 9581
5094 833
5982 3512
618 1409
4136 7149
2717 3610
1825 583
1571 8464
9835 5447
9290 9076
3260 2696
3720 5578
8882 4982
8481 3599
1898 204
3992 8849
723 1814
2854 1942
5289 408
7021 4076
5807 9604
9719 3062
9514 4982
6218 4134
6452 1932
6561 7538
5880 5065
7200 9921
3322 1899
4545 2151
5240 9427
7813 1048
2053 1343
835 9851
9128 1132
1734 7043
4876 511
7461 2304
4409 7867
3931 5390
4220 4381
2141 5640
4823 3959
1851 3766
858 8825
4601 6748
345 853
2882 8734
7448 3196
7525 7635
3478 9038
2183 1515
1644 4110
3873 4056
7640 106
2167 5391
8596 6244
7781 7924
8687 4442
8428 6438
7237 6289
8167 6470
2668 9593
3510 2653
3833 7369
5904 4842
7764 6975
3971 7557
9709 1837
215 641
2605 5248
5000 9233
2048 4155
1619 3788
3015 1359
17 4311
357 8063
9037 7423
8108 2867
7272 2853
9295 4951
7538 2413
2001 4438
3420 8896
9410 7377
1686 1275
6934 961
2904 3461
6643 2940
6555 5087
7430 7623
3850 433
7981 6787
1722 4467
9843 4417
7738 4014
1309 9142
1449 6604
7490 665
5706 9337
8919 4549
6318 2682
8781 9520
544 432
6409 3345
9240 2471
2187 7441
2933 8486
2240 9351
5921 6975
9925 3094
7790 8361
9238 5789
7731 7611
9883 8792
160 3968
1238 4576
3550 1322
6693 6981
7643 9645
7890 3879
402 7292
2256 5844
2925 834
3497 979
2935 5025
9701 9549
2316 5979
1848 4943
5761 127
6807 729
5460 535
2033 6720
7048 7409
1409 2646
7198 7898
6208 7023
652 5973
450 6863
8924 4535
3472 8968
390 5704
8440 9465
671 2314
9403 2335
9547 9880
5318 687
3159 8497
69 7745
9220 9251
7185 62
6488 8583
2258 8335
8622 6951
2693 9880
3185 1693
4960 4318
2268 7346
6433 7950
3596 181
960 2316
7735 2091
1398 7796
5840 3843
6092 5254
6741 1464
9256 7193
5520 4652
8577 4984
1386 670
8179 7664
8970 9414
6329 8283
9112 8073
9401 8918
7439 5764
4049 1452
5619 6609
4830 8167
5975 3723
414 7626
6997 9000
6934 545
